0,-0.837855450681,0.81045977199
1,1.08212522354,-0.314427223421
1,0.917347236761,-0.797263456347
1,1.47281647016,-0.373754518962
0,-0.977455340028,-0.0153825713901
0,-1.42745299583,-0.110101914465
1,0.793486020911,-0.329715429522
0,-0.904732640205,0.11196252704
1,1.46765348312,-0.621240797877
0,1.07947396326,0.257004837534
1,1.13767668175,-0.337068086689
0,1.08762289263,0.279732298334
1,1.28956822222,-0.394259781228
0,-0.125285775056,1.01388782659
0,0.262372406041,0.813337435233
1,-0.142095782456,0.300899111767
0,-1.02986098055,0.817846040612
1,1.94377899346,0.10024328826
1,0.332236483035,-0.122532901436
1,-0.150179884255,0.0952300320709
1,1.31409876677,-0.357413956138
1,0.79361206417,-0.368152550072
0,-0.831183090264,0.542575574476
1,0.525367333718,-0.437422218874
1,1.98195004983,0.075412831991
0,-0.909741375139,0.321763496734
0,1.08542875392,0.568694941104
0,-1.13367646194,-0.0698753228606
0,-1.14490104113,0.14661442266
0,1.19467815452,-0.05414488386
0,-0.366197055736,0.771689147032
0,-0.960910193913,0.374491588051
1,0.434763977541,-0.19790608922
1,0.925120959264,-0.670252508689
1,1.7894979887,-0.206462183769
0,0.335225942733,0.819550360988
1,0.211303915954,0.495181359231
1,2.16069275014,-0.296367953924
0,1.00792124468,0.153282616525
1,0.229366903613,0.0091251188001
1,0.198194158217,-0.257561090701
0,0.762519173049,0.4867508212
1,0.190805890038,-0.0567209924699
1,0.408159406193,-0.270371907002
1,0.0111299871423,0.678570110259
0,0.123804815158,0.815354695308
1,1.45956401181,-0.597644337838
1,1.55289299083,-0.15089537336
0,0.302617269803,0.878326148256
1,1.60401124324,0.0837599721137
0,0.471140390323,0.895422501344
0,-0.215480019134,0.746534427783
1,1.34655157683,-0.346355919061
1,0.18963285788,-0.0253893836081
0,0.650342239157,0.294190118937
1,1.24189556423,-0.216380335026
1,-0.230280218482,0.92997113804
0,-1.02349835811,0.76689191578
0,-0.210619602377,1.2412206572
1,1.54719891676,-0.488834173727
1,1.95967733848,-0.105883059094
1,1.14017354344,-0.324477240857
0,0.691936758924,0.93729646436
0,-0.526237871227,1.02119624292
0,-0.822068915269,0.286725061517
1,1.83229680526,-0.406914168333
0,0.637684883642,0.925328321115
0,-1.17898951243,0.0605507862439
1,0.232729924011,-0.681403986475
0,0.191667259957,0.669510950766
0,-0.88621528689,-0.0585867707266
1,1.50628776246,-0.132130251304
1,-0.105828215471,0.266536031198
1,1.77926118236,0.352060734148
1,1.89052118356,-0.032883294944
1,1.60884758093,-0.112804442895
0,0.619982779139,0.50626299037
1,0.193135689727,-0.260835286798
0,-1.1294630209,-0.473919770837
0,1.05100363677,0.740349557731
1,1.71522151832,0.00259478205232
1,2.30753769037,0.42316504188
1,2.0828877514,0.380038198201
0,-0.679464810998,0.755916598525
0,0.608641318034,0.628277257354
1,-0.0941819739439,0.18413593857
0,0.633257806846,0.439707510474
1,0.231927254132,-0.088101884068
0,-0.167157298016,1.00408650081
0,-0.101690030631,1.44927880322
0,-0.991057381465,0.677744745352
0,0.593344560007,0.726170533724
0,0.31485223244,0.828396564804
0,0.958631740698,0.805690039966
1,2.13019726468,-0.132710538378
1,1.56505957223,0.0590397742019
0,0.376432174625,1.04991939937
0,0.643065864088,1.37073886826
0,-0.556409254859,0.33853391724
1,2.34550620616,-0.0486325720954
0,-0.626272522753,0.851630139939
1,0.48949069508,-0.561996905352
0,0.615844513321,0.961063625699
0,-0.974711449788,0.886118034607
1,1.41809590434,-0.529424085867
1,0.178255338524,0.483539135187
0,0.90418439347,0.58716603968
0,-1.13728620406,-0.0826423922769
0,-0.453672889217,0.644260942781
0,-0.617726871728,0.816606828963
1,2.18739387491,-0.137286150219
1,0.0511468882634,0.0490972087653
0,-0.418941145526,1.43512950288
1,0.596632563622,0.133886363843
1,0.376008359657,-0.696921876692
0,-0.218041319576,0.874270883483
0,-0.721268801211,0.29775618316
0,-0.944110845365,0.351271961913
0,1.06990074207,0.425320761346
0,-1.07303213263,0.00120694980981
1,1.17474502637,-0.504099012037
0,0.288088899935,1.26516063372
1,0.98980141075,-0.811470578906
1,1.58147349116,-0.48753615019
1,2.21913021535,0.256875885387
1,0.949859224899,-0.169750179349
0,1.10569242012,0.743141953988
1,0.534600438593,-0.150430033056
0,-0.352434501371,0.818499922499
1,1.92562772325,-0.161185400228
1,0.0643114595253,0.335532928908
1,0.598110774388,-0.220248707263
0,-1.19369398075,0.0586103390447
0,0.571239442858,0.550345347258
1,2.05605167745,-0.0803233604975
1,1.20312240928,-0.268178708903
0,-0.733395535715,0.798295825236
1,1.99720944003,0.13095938068
1,0.748982668052,-0.671656605977
1,1.8034944915,-0.227505734411
0,-1.03109269463,0.692544781586
1,0.337485901612,-0.311388685266
0,-0.1312245845,0.899173813489
1,1.98876210912,-0.185719294557
0,0.686635505892,-0.030125993556
1,1.44305525461,-0.374262464171
1,0.894605847844,-0.756796067247
0,1.37594782196,0.0887159902476
0,-1.17487869779,0.335576481367
1,0.655922438586,-0.792689748587
1,1.67901813695,-0.13204930456
1,1.69625237125,-0.488191911409
0,-0.820719270179,0.233780486409
0,-0.839359550784,0.601712952941
0,0.347989011725,0.733774283369
1,0.366324820937,-0.473128346789
0,1.02717907625,0.590790957617
0,-0.813201675528,0.773550836731
1,1.88594149747,0.00195766406804
0,-0.00574977430107,0.782580674426
1,2.23819248877,0.369796665968
1,0.456892034307,-0.46747853602
0,0.508741306782,0.795150729823
0,-0.602942794607,1.19255368043
0,-0.991643975969,0.188138262537
1,0.324866458269,0.30833223737
1,1.33509824793,-0.452893472248
0,0.602129019016,1.0548555972
1,0.740897951029,-0.270253295465
1,1.74158026944,0.642628983099
0,-0.815535552487,0.180861657465
1,0.231390418214,0.496127584423
0,-0.0208033568219,0.823047055652
0,1.0688029039,-0.0898555594254
0,0.66810875724,0.69409891242
0,1.14136400371,0.704647114447
0,0.73679314263,0.0650798559145
1,-0.212355926591,0.398219723903
1,1.92028512062,0.548085224984
1,1.7741774319,-0.270100417903
1,0.328486100413,-0.0816455908515
0,-0.594071398953,0.603996414649
0,-0.461427592159,0.921457982683
1,1.11182966312,-0.714824352235
1,0.476850178244,-0.25706241725
1,1.28072705154,-0.342220282925
0,-1.30993885954,-0.0126246429624
1,1.15930118386,-0.478176079884
1,1.81659151313,0.253743943256
1,1.93593180202,-0.0564403840228
1,1.60748347591,-0.6453247106
1,1.63955862014,-0.496707736701
0,1.06344963544,0.221156289941
1,0.276840174782,-0.137552398863
1,0.558180954652,-0.582136131546
1,0.148654239686,0.293607543917
1,0.256396271073,0.460873409502
0,0.673902893899,0.853134062095
0,-0.895892014457,0.589555896455
1,0.720056111077,-0.44922832501
0,0.456862533517,1.07208620068
1,-0.507487629204,-0.0796409017306
0,1.03114360618,0.560454660736
0,0.612068338148,0.166688933522
1,0.890218037755,-0.640205496261
1,1.88072059511,-0.0955789417341
0,0.797502706616,0.669072807508
1,-0.127948662602,-0.148536739526
0,-0.873553994387,0.341441344564
1,0.490942746519,-0.214816924189
1,0.314435875763,-0.777557359448
1,2.01805906668,-0.154213645795
0,0.754531639722,0.589362692474
0,1.20104467445,0.439447546636
1,0.452824908781,-0.386753074545
0,0.175336085095,0.977371681996
1,0.958376666496,-0.650656030375
1,0.417382007436,-0.293084944553
1,1.93987632649,-0.242358936951
0,-0.714744680826,0.426359409391
1,1.18455065804,-0.575893110283
0,0.897440867048,0.287314254915
0,-0.772189609712,0.563766331151
0,-0.520734140278,1.19011361363
0,0.901026699443,0.605877230282
0,-0.704826224278,0.871056733271
1,1.6420534961,-0.331645587616
0,1.04608849287,0.335378516564
1,0.525563437877,-0.460186389457
1,1.47357160336,0.0221863149534
1,1.70218643572,-0.661147371363
0,-0.721367849129,0.587215226152
1,0.475795162153,0.0194481515289
1,0.12604835981,0.0824373755769
1,0.0976251343351,-0.0137841820465
0,0.270820219621,0.646818155482
1,0.45877233783,0.0122796231448
1,1.51400903686,-0.388647930584
1,0.00622613231841,0.450171100922
1,1.78027516199,0.0468924261793
0,0.31420201436,0.990503620696
1,-0.0261090645436,-0.307188579982
0,1.14920647304,0.360909922259
0,0.392586527278,1.09283706992
0,0.658550572844,0.704308711077
0,-1.37698574617,0.284961804868
0,-0.582328187168,0.664236833461
0,1.07619848751,0.526182266989
0,1.13039184188,0.350235090794
0,-1.27881585477,0.207922682599
0,0.553343163264,0.909589145143
0,0.828674491031,0.350826580082
0,0.981097215768,0.20010324471
1,1.85701791036,0.128131180405
0,0.1752129656,0.898719732727
0,1.05905606384,-0.0579720558924
0,0.902696359209,0.422613213519
1,1.57836239663,-0.0513825528565
0,-0.640080355567,0.982354142543
0,-1.19391064744,0.287744895395
1,0.215108854294,-0.245521398131
0,-0.0267372672464,1.20895361216
1,-0.0218676004695,-0.211666949423
1,0.551956375169,-0.318989020653
0,0.879096485927,0.860392688239
1,1.82593754461,0.350548698771
0,-0.532905970672,1.00155022273
1,0.219095734888,-0.385578814798
1,-0.0950408188905,0.24188727633
0,-0.472063508204,1.08980624746
1,0.124287015417,0.230578396871
0,0.693655149491,0.732312785634
0,-0.221166223094,1.07045960647
0,-0.684875010234,1.05843070483
1,1.84549175113,-0.299387424412
1,1.13204980455,-0.959651219192
0,-0.19435512391,1.10823029416
0,-0.892012550928,0.416887368029
0,-0.950877447611,0.295206935492
1,0.366736071988,-0.111827231782
0,-0.0923281771815,0.793765500865
0,0.0873852409645,0.989291275226
0,0.458737454928,0.679776380788
0,1.34116683573,0.294298731742
0,0.162820486025,1.06276477387
0,0.0343978516628,0.613662697401
1,0.0436109959149,-0.566143901294
0,0.63272986405,0.467746199417
0,0.0725912505428,1.06740752832
0,-0.335964083522,0.632985234263
1,0.824891700808,-0.332364684298
0,-0.222715541583,1.14853981137
1,1.81656988736,0.540580192174
0,-0.57472610891,0.42817676175
0,-0.810122649521,0.379794865154
0,-0.731169159313,0.962174796016
0,-0.749846690224,0.108146547472
0,-0.836598050851,0.545193986233
1,0.0318033217882,0.233271232439
1,1.78556542693,0.112780939865
0,0.814984679582,0.297629202631
0,-0.85521147799,0.685196822571
1,1.96955386507,0.376863446662
1,1.98781471247,-0.268518422065
0,-1.1097108992,0.432391397566
0,1.18924709181,0.383545128136
1,1.90213435686,-0.00381837732915
0,0.599281674126,0.835329258856
1,1.64512021441,-0.171004976152
0,0.671741766919,0.931848901369
1,0.0120254466341,-0.216888123309
0,0.412028764869,0.987750992608
1,0.146489920143,0.426364145829
1,0.732654980128,-0.443163853362
0,-1.06143366151,0.388406017421
0,-1.02855882315,0.0476415466201
0,1.29969684092,0.1937101395
0,-0.749505112214,0.571061595776
0,0.62262639214,1.0350925065
1,1.83064058935,-0.089657088342
1,1.7677826372,0.214821141843
0,0.513941296578,0.339728402354
1,1.32365842513,-0.781341029756
1,2.31401129701,0.775253030388
0,-0.586657167412,0.882707365866
0,-0.604327505472,0.530425550193
1,0.16727182192,-0.270192686216
1,1.56536947079,-0.292162583574
1,0.67926100517,-0.237190349113
1,-0.113981268111,0.881357695175
0,-0.172013631149,1.53420217446
0,0.17810833057,1.10555744105
0,0.701205196299,0.921767505289
0,-0.889383840655,0.694341360206
1,0.0829474962864,0.209891256079
0,-0.244014451342,0.770550508418
0,-0.573691315713,0.712279960271
0,-0.767015358658,0.530716413257
1,0.500410438083,-0.448225218553
0,1.04877752337,0.379588803225
1,0.157578324558,-0.00874748807808
0,-0.320926604539,0.844603630283
1,1.86768593346,0.335186555771
0,0.274105961262,0.94760413567
1,1.76681328071,-0.0268320114092
1,1.56641545098,-0.165696319868
0,0.385067165869,0.731916334122
0,0.982631823539,0.381723733851
0,-0.180401161192,1.13969400743
1,1.53463871025,0.0235776389015
0,-0.0183903745406,0.93460410263
1,0.200772286863,-0.0686018885306
1,2.08765232153,0.364606021437
0,-1.0165004254,0.128876250081
0,-0.147748181377,1.25065089935
0,-0.773004192657,0.649520002073
0,0.619313558436,0.824194506212
1,0.746427814575,-0.508089306374
0,1.03789326721,0.301211564658
0,-0.628536023741,0.966325181316
1,0.79262245638,-0.726076299877
0,-0.478785845701,0.699629648095
1,-0.283995198261,0.574314382606
1,-0.103325790132,-0.10126637035
0,0.110859855705,0.904712963757
0,0.340296494501,1.18951657652
0,0.427728330725,0.843105492749
1,0.290111915884,0.44971299065
0,-0.847579459147,0.565281147683
1,1.78483174237,-0.172343212805
1,0.0615512381048,-0.220752830498
0,-0.316803192293,0.814390615604
0,0.705470792274,0.630952728304
0,-0.661404997694,1.04561710261
1,1.94274378038,-0.237259503003
0,0.654831869255,0.32610340556
1,0.341202415038,-0.435377990008
1,1.26069995727,-0.100170567461
0,-0.713587028553,1.29618049596
1,0.348440370237,-0.0623387569021
1,2.00838881208,0.788053814248
0,0.749377490708,0.708670792273
1,0.461551946332,0.228845689813
1,0.521131356093,-0.211736443317
1,0.677049178263,-0.204017649377
1,0.355016289027,-0.36913603197
0,0.131077856525,0.854384698787
0,0.954783420837,0.379848712268
1,1.4527482811,-0.357611318055
1,0.397489874055,-0.194928056815
1,0.792725920807,-0.487707484157
1,0.474867021186,0.0400815247319
0,0.160569631236,0.791818326087
0,-0.0418072414382,1.07584152426
1,0.0002620618714,0.393759011811
0,-0.807089446662,1.06881835119
0,-0.826757312798,0.614922593618
1,2.03267503491,0.397653392308
0,0.919824925206,0.271521872603
1,0.923500231749,-0.120885050409
0,0.356026103942,0.865201477026
0,-0.825944904317,1.06851254291
1,0.166213539235,0.38677556077
0,0.276147834929,1.35210685246
0,-0.584502059769,0.885526296127
1,0.345802068026,-0.263546679831
1,0.796270750982,-0.287867719942
0,0.997433622411,0.64899052505
1,1.03847890964,-0.285146994626
1,0.794528960573,-0.459057646106
1,1.51875446073,-0.574112298842
1,1.37234712155,-0.535858583933
0,-0.747271108787,0.755778928283
0,-0.0537099944983,1.0132656623
1,1.27250921349,-0.49318187574
0,0.935598809011,0.829201196805
1,-0.165203287527,0.651608171039
1,2.03730145457,0.306644209729
0,-0.488011090969,0.643238660353
0,0.751118680627,0.622889985102
1,1.53623841187,-0.292437599218
0,0.996858395169,0.1357197762
0,-0.399350192352,0.895370980196
1,2.00425858944,0.374684489074
1,2.12528750958,0.372581942158
0,1.19462984006,0.430451675919
1,1.45812441503,-0.353531436268
0,1.14019121797,0.219722467223
1,1.15844813163,-0.36679142653
1,0.571634083524,-0.362533910295
1,0.129446726004,0.238970679595
0,0.507405288508,0.944533046284
1,0.421090892261,0.403989245412
0,0.624585884112,0.996694175499
1,1.72187391605,-0.356154307471
0,-0.859419723304,0.760254929968
0,0.329094940279,0.920259588741
0,0.634522944637,0.854258537761
0,-0.920122724457,-0.376576481401
0,0.472335492101,0.563276838154
0,-1.03317619331,0.391006590712
1,1.68198513677,-0.0236829038518
0,-1.45329834581,0.0909803420802
0,0.0521199947756,0.739583476318
0,0.777966407326,0.473335404482
1,1.78079663191,0.290018697256
0,-0.383372076805,0.998908115275
0,0.362988980336,1.14811683195
1,1.08838417981,-0.709793519899
1,1.9744056302,0.472860901863
1,0.420050535924,-0.386221460399
0,-1.05599015257,0.00182322318658
1,-0.0132349771225,0.103025574629
0,-0.668236458857,1.08018613883
1,0.351390447209,0.418313174546
0,1.11605876857,0.908825706161
1,0.491711077394,-0.49044965074
1,0.926762563165,-0.412779033018
0,0.7555774964,0.228074762267
0,-1.0092701629,0.200133382279
0,-0.431107967153,0.730482800544
1,0.0417297139654,0.380003814982
1,0.285135957812,0.111877971135
1,0.391193341768,-0.133193567823
0,0.654946368952,0.616474071729
1,1.05342816551,-0.542555429321
0,1.01406242471,0.908010320488
1,1.02677825776,-0.45565359531
1,1.82599956165,-0.382808600023
0,-0.927977201291,0.316419197268
0,0.910184183649,0.387057452554
1,0.947564297285,-0.472415297766
0,-0.0594663596128,1.09492619123
1,0.131824609514,0.182689030172
1,1.11695525223,-0.339351874238
1,1.77729166256,-0.1114182141
0,0.127406126271,1.11565009011
0,0.00372410332473,1.1405083005
1,-0.164819090818,0.0488749942444
1,1.57137608671,-0.494271567119
1,2.02487921557,0.0720979607854
0,0.6408628945,-0.137949639649
0,-0.770946042726,0.58611115609
1,1.04146598492,-0.226804747825
0,0.468544821978,0.740909598016
0,-0.96229439836,0.340953204072
1,1.07575536112,-0.688219827281
1,1.70083018809,-0.371529369486
1,0.845918224691,-0.677011112843
1,1.32262371373,-0.239856092704
1,0.314703719123,-0.205160572763
0,0.0629900301349,0.744516806315
0,-0.65531526319,0.750268592141
0,-0.400830731785,1.27613286955
0,0.581667280803,0.867512306491
0,0.141977600899,0.937727188477
1,0.674432426639,-0.900351506722
1,1.73908832406,-0.0905631920113
0,0.960084236932,0.528072810151
1,2.0268632984,0.124299003311
0,0.0704201354256,0.6332378387
0,0.569829746889,0.735177908206
0,0.0446553946763,0.635010541458
0,-0.30713712524,1.32725604427
1,0.0501253352057,-0.102173763342
1,0.117990682575,-0.0448195210127
1,1.41660903626,-0.497484574226
0,1.18675560355,0.594444745841
0,1.00730379252,0.216586538573
0,0.705212654809,0.69030707758
1,0.966605080758,-0.47577043226
1,1.27196347486,-0.695163736057
1,-0.0153829153265,0.513441196505
1,-0.180053073169,0.460721237934
0,0.119847450732,0.671306501393
1,0.72679679868,-0.333473316529
0,0.0213905081895,1.07628739295
0,-1.06861573563,0.00591891409067
1,0.0856541960743,-0.125904596456
0,0.977984558663,0.390490995262
0,-0.363531632366,0.723274995382
0,-0.350211014646,0.788321205338
1,1.87651795109,-0.586972934945
1,-0.0426547289186,0.124380458559
0,0.695270752621,0.575280265513
1,0.825722238291,-0.498971645865
0,-0.62978712132,0.794819313551
1,-0.0319917021408,0.355519982362
1,0.355498330761,-0.0135314514883
1,0.046868880401,0.127847037306
1,1.78564149832,-0.492040427912
0,1.21648526148,-0.213619583018
0,0.724300135827,0.66214158022
1,2.22036808201,0.176388669139
0,0.774721374,-0.0397317831467
0,-0.835705030447,0.436203316492
0,-0.975671002653,0.722197176209
1,-0.203863160723,0.12573743182
0,-0.0985929206814,1.02966608835
1,-0.230243815605,1.07589932835
0,-1.04410737338,0.226454637419
0,0.279428783332,1.29749637397
0,0.941513257735,0.0335810179014
1,0.573417966013,-0.191224810151
0,0.40790973373,0.719648985961
1,0.721140639066,-0.146892670906
0,1.11828122802,0.0119120800977
1,0.434729111177,-0.440158665047
1,1.66399765242,-0.503768197473
1,1.60153025348,-0.614810035455
0,0.593624658475,0.581458884179
1,1.00453832705,-0.239544138817
1,1.47615300294,-0.164539654362
1,1.15506459799,-0.633422091905
1,0.371144719221,-0.139772058533
0,-0.850891653067,0.692228258688
1,-0.070157187329,-0.353606850788
0,-0.401767753126,0.898989593984
0,-0.513321167382,0.679579133029
0,-0.388277315985,0.884113369227
1,-0.0617721865254,0.0764201606819
0,0.339426170381,1.37811426638
1,2.11084619728,-0.0060464039239
1,2.17934121921,0.262398758403
0,-0.73065660481,0.201254467683
1,2.23350380786,0.413367083812
0,-0.848042492943,-0.244447485034
0,0.62649842805,0.905545632833
0,-1.14740972503,0.012674743884
0,0.653654366861,0.56056606539
0,-0.29904474637,1.37339986498
1,0.164400811613,-0.13872710748
0,-0.138038941801,1.14481410219
1,0.340138661375,0.116531580951
0,0.681212767495,0.121813810284
1,0.292230520762,-0.369570909006
0,0.811795622138,0.539026129806
0,0.106676860477,1.24656590925
1,1.60727033777,-0.310092481943
0,0.645346745248,0.212985956386
1,0.918541365231,-0.507945729464
0,-1.07811417859,0.770433268948
1,-0.513801128829,0.371893730846
0,0.521526783601,0.582379917018
1,1.69048036212,0.0906060112537
0,-0.843965397324,0.708051230099
1,1.77247688776,-0.303980014632
1,0.402084788026,-0.320931475725
0,-0.936389558155,-0.217475812867
0,-0.831107756177,0.0659597815575
1,0.137025926135,0.236699013148
0,-0.642526829977,0.633046942251
1,-0.100963240269,0.220795451547
1,0.776424280977,-0.598106191894
0,0.399827736149,0.924698103827
1,0.693082986653,-0.367495738996
1,1.23852991812,-0.617311982085
0,-0.649119133599,0.787819736685
0,-0.849380126778,0.446938304505
1,0.899796204306,-0.75281461806
0,0.361226679992,0.583737187355
1,-0.124734494412,0.691115382269
0,0.577523444289,1.00989004348
0,0.0746415819686,1.13662793671
0,-0.883452475389,0.411606617351
0,0.739802869811,-0.0641387261868
0,-1.05976886754,0.956214142877
1,0.274841031587,-0.0354576824239
0,-0.502141927701,0.675979438143
0,-0.663400057208,1.01230636924
1,0.243382442214,0.2854974687
0,1.42036007315,-0.0195421764343
0,-1.00398857158,0.10095274632
1,0.771747702538,-0.652296647154
0,0.521862205617,0.597543074281
0,0.482853293716,0.517995518771
1,1.81611312248,-0.198983168
0,0.520053466552,0.901395013454
1,1.55498944734,-0.59400843354
1,-0.0264403161112,0.237182872472
1,0.932398696006,-0.458210013214
1,1.81070996253,0.327039541385
1,2.00190148231,0.103498291864
0,0.705553570018,0.98501641959
1,-0.0196644558868,0.763978575186
0,0.883586975918,0.00524250763541
0,-0.547653997623,1.13721198146
0,-0.954815431542,0.506256462061
0,0.631146337544,0.876961605826
0,-0.187030172272,0.989171569038
1,1.09580796469,-0.286159893315
1,1.02576282121,-0.594004297575
0,0.652387566087,0.618089053594
1,1.82235015318,0.194369498502
0,0.0296504909073,1.1176309285
0,0.0897110740579,0.96616574346
0,0.988381941654,0.807390298954
1,1.96921396591,0.0840524476285
0,-0.319018354423,1.01201659393
1,1.08738530103,-0.437204493378
0,1.11844607327,-0.164694910637
0,0.095636980811,1.06039660586
0,-1.04017175612,0.911120143907
1,0.383280225664,-0.385636070896
0,0.869187785633,0.524414693469
0,0.0851374341534,1.24268022551
1,1.43871849163,-0.643211065921
0,0.968156519683,0.600146599061
0,0.923383532344,0.180820519791
0,1.03600444027,0.537792336929
0,1.04100510741,0.214060266005
1,1.08851323463,-0.452846258268
1,1.34377365755,-0.352625972078
1,0.361837442788,-0.0933674087109
0,1.21143805667,0.283705472067
0,-0.651909952861,0.40227533409
1,1.3878997881,-0.409520912503
1,0.252782706779,0.270023327589
0,0.439901836059,0.496053305885
1,-0.0889521082796,0.699377822377
1,0.0415939730654,0.430314708219
1,0.570104535397,-0.275509267312
1,2.18876859907,0.328889488888
0,0.446940628685,1.04567502868
0,-0.567977268266,0.762860736682
1,1.74864116229,0.254435699958
1,1.18292047407,-0.476935046072
1,0.239740504413,-0.0866635811701
0,-0.949164149015,0.0662470863053
1,1.03797468055,-0.519062849708
1,-0.0579874627635,-0.145876854613
0,-0.8794431374,0.131732531345
1,-0.0500223482905,-0.0453507495062
1,0.654681386269,-0.166082961068
1,0.1201264898,0.476269558436
0,-0.0684636716522,1.4434643359
1,1.97566143711,0.223510684811
1,0.477971994151,-0.292573474834
1,1.56920146414,-0.262401726417
0,-0.388453324918,0.939333764435
1,1.78344892346,0.309196539046
0,-0.430932785495,0.880843360799
1,2.06046819359,0.324885303652
0,1.18312623237,0.286231023341
0,0.582707273849,0.505898413153
0,-0.773426705813,0.643305227218
0,0.738985495972,0.860325646173
1,2.05764254547,0.384061361275
0,-0.578293409526,0.781457552821
1,1.6307548064,-0.294938499558
0,0.64978273511,0.719771850298
1,0.254435424695,-0.216488657205
0,-1.2540672567,0.436152746382
1,1.10524959311,-0.319743340416
0,0.103883614537,0.980074229842
0,-0.87081841265,0.856812500931
0,-0.976528070171,0.319608976143
0,0.504734299261,1.31387619423
0,-0.414165898046,1.0136614109
1,1.50970883698,-0.0148277241713
1,1.93442535949,-0.337944951525
0,0.356709998159,0.871248669749
1,2.22777196078,0.372234749533
1,0.0877453343462,0.140198308397
1,0.173288302948,-0.395802208031
1,1.97611560966,0.307559874614
0,-0.752532578281,0.871182986911
1,0.273451754412,-0.367181274452
1,2.01397891462,0.554668069056
0,0.565775592968,0.967018408426
0,1.13661733049,0.464420137466
1,0.37950706994,0.208287968637
0,1.08937258726,0.35081161715
1,0.557478164827,-0.321608475332
0,0.0518590150931,1.05261018396
1,0.112861839532,0.373098525715
0,-1.10492998867,1.0218958156
0,0.0718198990348,1.37844832216
0,-1.21125235891,0.533396956228
1,0.587208586601,-0.525619739163
0,-0.879713325024,0.454241101741
0,-0.461739116071,1.02408803386
1,1.18299418205,-0.364658451675
1,-0.0903169498685,0.762833249191
1,0.137630773912,-0.360640641063
0,-0.659186214305,0.507674677297
1,-0.101475158758,-0.682927815556
1,1.41694597559,-0.445144181268
0,-1.06698378524,0.683155504193
1,0.101672233848,-0.249325896074
1,0.402572903748,-0.421031420254
1,0.859954139441,-0.417705079068
1,0.267719635331,0.289383953793
1,1.77069277615,0.300000439591
0,0.023000059826,0.934699427336
0,0.492087253506,0.733270194081
0,-0.45261216755,0.5091938633
0,-1.23126002547,0.286912840141
0,0.441031318748,0.957794145383
0,1.01530047262,-0.103473968128
0,-0.796777719447,0.90494756348
0,0.899698521452,0.647337465621
1,0.671335608437,-0.383060328846
1,1.38922936169,-0.102484483865
0,-1.02902586,0.399708969428
1,1.73655961854,-0.43467023504
1,1.93291766521,0.0161491474644
0,-0.266772358722,0.696566117018
1,1.78083034662,-0.435583182935
0,1.08348705032,0.184629876244
1,0.274369294568,-0.227381406088
1,1.2315132767,-0.484170878587
1,2.03183154048,0.180209511194
1,2.07653623995,-0.553938449493
1,1.62199340371,-0.237244062194
1,1.030081496,-0.548268234954
0,-1.13135545741,1.13705023244
0,0.760016908569,0.911785339435
1,1.77370845354,0.284066792789
0,0.36325535147,1.00770407753
0,-0.43267167746,0.913393607505
0,0.768214967936,0.61139723669
1,1.68778518911,0.355795116692
1,0.433148705905,-0.806835137651
1,0.107092949717,0.214944086129
0,0.419391850725,0.971781558648
0,0.879722747112,-0.00458801737305
0,-1.01398075014,0.509117028877
0,0.515554183438,0.833782543747
0,0.203610273544,1.06728360026
1,0.672911736929,-0.53835413426
1,1.05182531757,-0.47418423467
0,1.1144711855,0.475731392701
1,-0.0915966024516,0.305543815931
1,0.26544143384,0.550580050961
0,-1.03121052313,0.468242096925
0,-0.82407249054,0.0660965167284
1,1.5528196211,-0.479943353637
1,0.0581053922965,-0.197560462204
0,-0.903552611784,0.561476359703
0,0.916376293633,0.56835904731
0,-0.847238008184,-0.0512190997134
0,0.100126774816,0.728143316184
0,-0.934581299313,-0.0220226606699
0,0.280316758674,0.877810367141
1,0.00350565198783,0.053776385627
1,0.202424316003,-0.278235335724
1,0.362362724795,-0.027611386862
1,0.860469674246,-0.153944949634
0,1.02051198303,0.581392617207
0,0.508642379264,0.848044034727
1,0.604739820004,-0.555387245937
1,0.763976657798,-0.387981410611
1,2.53881998634,0.27832804026
1,1.49735158222,-0.0536848739861
1,0.421704936764,-0.00331700204204
1,0.761528147159,-0.278767570403
1,1.70177791601,0.0332203498237
0,0.572912548104,1.09809971464
0,-0.927502015819,0.546807478515
1,0.122853992135,0.298232219315
1,-0.0689150673032,0.295792861297
0,0.0277393392883,1.2020870499
0,-0.0838833394691,0.934156848019
0,-0.670496465243,0.688186366074
0,-0.0559452200675,0.910579401344
0,-1.15823143853,0.806742901421
1,1.41522731623,-0.50253051625
1,2.10684117817,0.542810226131
1,1.22414702988,-0.140754532342
0,0.39996270296,1.00076801628
0,-1.24075316003,-0.00930415844696
0,0.731048495547,0.714111363575
1,0.661425680019,-0.496363368119
1,0.694041116876,-0.511365805826
0,1.30474596172,0.453722965356
0,1.08782973076,0.0895010028601
0,0.717932648297,0.332939158817
0,0.723339881433,0.451414150809
1,1.19848363177,-0.508569153819
0,0.265249565296,1.00914603394
0,0.542783163838,0.731494226221
0,0.876558096397,0.6137677806
0,-0.987714199008,0.389560278364
1,1.60666038888,-0.193637434745
0,0.63197667131,0.476085511581
1,0.625987637862,-0.364411506037
1,1.85732693798,-0.00880165792809
1,1.05876083716,-0.439508831583
1,0.280827346775,-0.567210514239
1,2.16837839044,0.0781568643244
0,0.000344217915744,1.0036817202
1,1.20706322765,0.0391407427075
1,-0.132246876531,0.542133768805
1,1.7026078079,0.0697797266672
1,1.91971341377,0.022092633888
0,0.457163770044,0.981360022511
1,-0.201530261193,0.328972940309
0,0.411668855615,1.12637007288
1,0.611246217903,-0.824816066744
0,0.532465122096,0.94611622853
0,0.205735135814,1.28743001368
1,1.68400406684,-0.215570525393
1,0.014325319516,0.143419203193
1,1.09367928492,-0.385069500515
0,-0.581504646817,1.09361071042
0,0.220937058499,0.768057731332
1,1.6946919652,0.109560004798
0,0.241801934774,0.979975704189
0,-0.39330146864,0.828942976037
0,-0.889421094479,0.891682849298
1,1.48564843824,-0.436788188081
1,-0.0587287964072,0.0333393614569
0,-0.719701889471,0.837333097815
1,1.91186036194,0.349751939916
0,-0.0126618162055,1.07418447345
0,0.0431581672746,0.623003786491
0,0.408011014642,0.973721540002
1,0.85313188281,-0.662350117684
1,0.22331562275,-0.224146434228
0,-0.887896501292,0.319147636134
0,0.305354802031,1.00814754556
0,0.941470166075,0.345165961391
1,1.38574955274,-0.546022226085
1,0.352151663558,-0.260055551635
1,2.19974216904,-0.0857935012595
0,-0.592442495201,0.499516491436
0,-0.517293065451,0.96000852575
0,1.23566530654,0.203892050899
1,0.940159433751,-0.755067296522
0,0.488571887225,1.06676175354
1,1.78295610073,0.167468308154
0,-1.30868104798,-0.0175914785832
1,0.188961984529,-0.0289033136282
0,1.26152063517,0.500681725802
1,1.63887940821,0.0564730514258
1,2.03239604019,0.284990482885
0,0.29614813195,1.1609305647
1,1.69205026695,-0.311792919528
1,-0.291867009833,0.305518207354
1,-0.0138419076103,-0.435677933207
1,1.07240954466,-0.427518600996
1,1.75698152155,-0.0130598049919
1,1.88245174897,0.045964269592
0,-0.194169528294,1.16219484105
0,1.1685638761,0.530999382213
1,1.2491797405,-0.438380575375
1,0.958205437386,-0.844335339496
0,-0.604276282636,0.635399225975
1,2.03949374456,-0.390410451631
0,-0.160287736545,0.698086942386
1,1.9281456241,0.180038557045
0,-0.930246203016,0.376593207735
0,0.000978713845144,0.805071603487
1,1.83053621618,0.360413644786
1,1.01276920905,-0.419913664057
1,-0.11677901587,0.136508599514
1,2.19801521307,0.472217298127
1,1.00981990015,-0.486671911956
1,1.5850499483,0.0692831845479
0,-0.481952960584,0.704284898136
0,0.931611637474,0.345362059423
0,-0.829466634584,0.0188632083446
0,0.897832782987,0.32833937245
1,0.262908074451,-0.173733630063
0,-0.884439517956,0.640733873919
1,0.493549193765,-0.684568287899
0,-0.961321050987,0.524266521612
1,-0.183453317175,0.36753239396
0,0.341368615872,1.05811842671
1,2.00421714483,0.183109990535
1,0.174455183558,-0.0670270855405
0,-0.822539032676,0.108328196994
1,1.32482850275,-0.254746144502
1,1.09785377263,-0.307907074746
0,0.747872219362,0.319934379926
1,1.6377871045,-0.288404019761
1,1.14243426425,-0.444989928367
1,-0.359571845809,0.25815925008
0,0.159583202826,1.02761818053
0,0.574883481101,0.629005431372
1,1.41528405451,-0.603319468379
0,-1.22511031179,0.660422308416
0,-0.97031494793,0.455843544198
0,0.2649755664,0.906964370522
1,0.726084534223,-0.161233453048
1,1.09312153277,-0.568899108101
0,0.713932527021,0.643891397845
1,0.45334923144,-0.281224482497
0,-1.05427538341,-0.281096156457
1,1.11435070578,-0.473514725964
1,1.2255243818,-0.371459045526
0,1.00729969176,-0.0768526757685
0,0.676173556213,0.943585743255
1,1.95523032313,0.164214051359
0,-0.654780721138,0.761940736311
1,0.260514028839,0.531692935719
1,1.86242915262,-0.454164388428
0,-0.450626077793,0.790796143921
1,0.025720180781,0.0832585249241
1,0.418577520709,-0.301598661443
0,-0.932623946816,0.201969869584
1,0.866971978865,-0.617658098637
1,2.00196223585,0.289696717392
0,-0.180568614841,1.0864755122
1,0.506824274981,-0.0727788919774
1,2.20429481095,0.128092303953
1,-0.0176135581957,-0.259037050683
0,-0.644467402976,0.519855773314
1,0.520004311088,-0.315678261949
0,-1.04745230049,0.465382283326
0,-0.282092951419,1.09469330251
1,2.02847657952,0.428460163657
0,1.11499084809,0.387662555356
0,-0.140020657463,0.827588048951
1,1.0881925879,-0.447828656895
1,0.402815981743,-0.302960913714
0,-0.951173276476,0.535630942341
1,0.511567779372,-0.153771712034
0,-0.132356705324,1.0993130588
1,1.02039675582,-0.747635651138
1,2.14401749383,0.035134110478
1,0.45729715793,0.0144641536802
0,0.644409733625,0.663620965917
0,0.0119596888541,1.4406068418
0,1.22175666179,-0.265881805472
0,0.606552894238,1.02972660191
1,2.1195747289,0.192142106816
1,2.04190895067,0.320192424848
0,0.172499669499,0.959045545049
1,0.291491116453,-0.216954832266
0,-0.862214236779,0.701082305054
1,0.497474968407,-0.288592918137
1,1.90818610549,-0.101989549157
0,-0.0180795029278,0.833803259649
1,-0.424106665025,0.141746356416
0,0.0586086956853,0.761696994391
0,-0.682737988523,0.967630756021
1,1.67668890393,-0.651577766626
1,1.45258848385,0.0930688347184
0,-0.952020852069,0.435642545944
0,0.107004821742,0.746807852958
0,0.0336232321347,0.711582418839
0,-0.466028357524,0.815179832796
1,0.0204375895145,0.067621771159
0,0.722028385834,0.113209275208
0,-1.31683776159,0.698253113619
0,0.831984760469,0.758522753133
0,0.191099779397,0.750127413096
0,-0.424547936549,1.17361984795
1,1.16936051837,-0.406824970634
1,0.0550188820529,0.127098822551
0,0.721240331598,1.25970005009
0,-1.03456447586,0.11592554753
1,1.60402699704,0.3989312086
1,2.2835439467,0.41318346294
0,1.19145739177,0.0988481408549
0,-0.0901969123488,0.900531321505
0,0.972150008145,0.0659994824717
1,2.12817647725,0.291429742474
0,-0.308158324046,1.26796136164
1,0.0698303472589,0.0113117415068
1,0.305050133682,0.190161271887
0,0.599572866184,0.656178371944
0,-0.419027127961,0.439954921428
1,0.17078288125,-0.178782227734
0,0.648175354974,0.704322251244
1,0.722032463662,-0.299284299873
0,-0.868406920003,0.461407111828
1,0.367768407024,0.0299419225272
1,0.565440197354,-0.335845176219
0,0.435020130623,0.59717112323
0,1.08804914791,0.445859819916
1,1.65361443278,-0.150051736302
1,1.44196328337,-0.4534635538
0,-0.1252517939,0.833292798777
0,-0.135582014885,0.960695537913
0,1.39135767979,0.233346668178
0,-0.523004219247,1.29849822204
0,0.999449498758,0.407210358243
0,0.334589768224,0.661064189495
0,0.8568579098,0.624745550265
0,-0.806578207247,0.297148290755
0,-0.935603580307,0.225523883349
0,-0.214407710995,1.22850401308
1,1.08935860578,-0.602680618793
1,0.227760883948,-0.342236233139
0,0.227241905724,0.897148147135
1,0.652096279489,-0.640584036596
0,-0.555675463868,0.572259526357
1,0.361396540143,-0.343692245047
0,0.53424389995,0.810090463232
1,1.55943848612,0.105777162259
0,0.0754786396984,0.791504298351
1,0.884311773151,-0.106026328118
1,0.814327144826,-0.170607658597
1,1.67159180598,0.348353080183
1,0.150952046527,-0.360205938251
0,-0.965213840266,0.277869939331
0,1.01093735429,0.375538954047
1,1.30989812993,-0.480574044776
1,0.0376615970802,-0.323863837504
0,-0.979648257467,0.119552238487
1,1.05434660897,-0.398443212237
1,2.33952865192,0.433940909383
1,0.460809672317,-0.15633008753
1,0.887514561393,-0.3166369332
1,0.182644261467,-0.180504713398
0,0.552131679788,0.472234400106
1,0.612306690089,-0.714325634499
0,0.558587046208,-0.0409651265144
0,-0.892222563252,0.163725344322
1,0.113374029132,0.0965415811164
1,1.93686722567,0.455984330574
0,-0.172625745242,0.961052120864
1,0.897355295373,-0.685339032777
0,1.32764528222,0.0661230229745
0,-0.609358845837,0.704912486297
0,0.45387608065,1.08532286019
0,-0.711484888183,0.985373596708
0,-0.955835044169,-0.0551932857587
1,1.97169716644,-0.128153479434
0,-0.323725749596,0.525891923783
1,0.719131491401,-0.285935678811
1,1.7379031995,-0.15030235768
0,0.956065907433,0.2332372715
0,0.93266991297,0.0500513219221
0,-0.926661500117,0.466212444347
0,-0.84586516165,0.156218881903
0,0.664385085663,0.673651201491
0,-0.345490579255,1.10685148046
1,0.892337581324,-0.261140326836
0,0.828168156591,0.629556597844
0,-0.760802036448,0.243632919114
1,0.519656902187,0.121872482324
1,1.57570820012,0.393519831119
1,-0.0621690018373,0.458160989481
0,0.319223934439,0.934883444831
0,0.610574831584,0.910902900889
1,0.571225295376,-0.62058570074
0,-0.589390308623,0.841318685742
1,-0.0231673974372,0.214810598478
0,1.00938785192,0.299321594062
0,-0.973446101065,0.347194748098
0,0.473265952795,0.499847721271
0,-0.692618303998,0.50269673961
0,-0.926691381457,0.255818190171
0,0.926549512983,0.434837501848
0,-0.306924045892,0.974159646011
0,-0.555636741555,0.96654196441
1,1.68889086699,0.062593965771
0,0.941524652576,0.998077036978
1,2.07146369397,0.748114876889
1,1.29811228004,-0.393300156357
1,-0.204293636095,0.0384227749713
0,0.534663860619,0.99548579028
1,0.289718554989,-0.233331307254
1,1.10071167171,-0.437330059955
0,-1.28401908502,-0.117479403194
1,1.64194580326,-0.198044783404
0,-0.196192782113,1.18358512908
1,1.86810822976,0.463766610988
1,1.80395656172,-0.139335668923
1,0.151445596409,0.0931057808091
1,2.06653334415,0.0703045651868
1,1.00372849402,-0.666564016234
0,-0.84822527261,0.511144697727
0,-1.25239359316,0.833267193575
0,1.17969198994,0.307318650063
1,0.258936426312,0.486986019714
1,0.506124373168,-0.466219258555
1,1.15312701938,-0.669495437014
0,-0.784595230854,0.37475916149
1,-0.0831668264242,0.171710921077
0,-0.125320243992,0.881563251106
0,-1.08451337942,0.324754262611
0,-0.482626604023,0.779326057016
0,-0.296625215562,1.09403161082
0,0.118214022979,1.18000732046
0,-1.01361915463,0.806771995196
0,-0.862574446684,0.200485990184
1,2.05375695082,0.247059145377
1,1.20245192101,-0.613586324214
1,1.51080515513,-0.253383230626
1,1.74448757857,0.182388005986
1,2.25253166838,0.239677275873
1,0.204491845282,-0.0830398409695
1,1.85731742668,-0.290309196273
0,0.870466941427,0.417655249701
1,2.11768976485,0.39005441225
1,0.885100578584,-0.714814429325
0,0.146978936846,0.68896407989
1,2.14109402119,0.248864785134
1,1.76106971137,-0.155286771657
0,-0.996594743824,0.400296875874
0,0.451118774822,0.704561200661
0,-0.300567850952,0.79709627656
0,-0.761846989574,1.01842260255
1,-0.139371260021,0.247151212702
1,2.03293531744,-0.0101278413766
1,1.86413385727,-0.206192536986
0,0.590624909334,0.811939432154
1,1.04155754476,-0.15542064265
0,-0.0503716420704,1.15659548502
1,-0.0392552792654,0.122620995469
1,0.16296276314,-0.218320391535
1,1.77514111571,0.0613111210843
0,-0.490246837786,0.95705843966
0,0.910521856518,-0.217422558592
0,-0.107132773488,0.810609908692
0,0.449282052623,1.11198339908
1,1.84209355913,-0.433064178203
1,0.072343406495,0.243227553015
0,0.787819017654,0.925342971762
1,0.927906268634,-0.49782423004
1,1.21324742314,-0.416388723423
1,1.83633381079,-0.269825900111
1,0.352859113249,0.0840697928957
0,-0.661923895597,0.479695061011
0,-0.740020857593,0.716379097803
1,-0.128628810496,0.1520601258
0,-1.11321003041,0.659779556306
1,1.17035763324,-0.565747966492
0,0.690028207453,0.326221290882
0,-0.757159802138,0.599327639031
0,0.826057916599,0.709435365431
1,0.334246434518,-0.0626628522879
1,0.953979785083,-0.316422199806
1,1.49463518398,-0.225463938762
0,0.512697137885,0.339619039868
0,-0.422857588063,0.596834240801
0,0.872161823575,0.576961609104
1,0.783046815864,-0.350503894285
1,1.6026152859,-0.356966907691
0,-0.332703541092,0.537211911603
0,-1.2950605027,0.0277029509853
0,-0.362456556197,0.882441980791
0,-0.137813740328,0.719291654813
1,1.73809218812,0.0678608097089
0,-0.62198070197,1.33963052948
1,1.86283466239,0.620083451197
1,2.10330828102,-0.178734717304
1,1.18293675056,-0.240093381071
1,0.462113978131,-0.623963138844
0,0.860285192785,0.763065583848
1,0.400579723088,-0.472806652852
1,0.625693383379,-0.402509987235
0,0.270376901798,1.27391803063
0,-0.697075098407,0.499218577476
1,0.9950771436,-0.308037553214
0,-0.970588084596,0.029536835563
0,0.587381298327,0.518583083449
1,0.211718640797,-0.0491042698354
1,0.955967009257,-0.629392585111
0,0.367775877039,0.762500382913
1,1.26802781262,-0.403439787272
1,1.93723916234,-0.22018427354
1,0.463343717945,-0.639750371694
1,1.4424278027,-0.518694458835
0,-0.576527275411,0.838543818746
0,0.706085320661,1.17489571272
0,0.439876145302,0.634231196791
0,-0.672006920383,1.00366559932
0,0.187225593153,0.892265128512
1,0.149531413547,-0.449077911218
0,-0.776376839215,0.90817975527
0,0.737548946113,0.158328660723
1,1.28160109298,-0.460083198846
1,0.281996466736,-0.516165323317
1,1.10324934429,-0.0862334118494
1,1.44122284631,-0.849215328922
0,0.850462122402,0.467491060275
0,0.0578847194841,0.685047678763
0,0.125563947903,1.19865953436
1,0.648006298737,-0.0892821816406
1,0.66246529052,-0.331971873268
1,2.20289676062,0.151812121095
1,0.511784015857,-0.51811484577
0,-1.00432078216,0.735855897127
1,-0.083563376486,0.609213447002
1,-0.154589065894,0.230422671647
1,-0.381803054489,-0.0383045505112
0,0.971290622977,0.432149941735
0,-0.010585247959,1.37145812163
0,0.936591446635,0.299391621899
1,0.812817977829,-0.703637856816
1,1.8771343355,-0.0915237702031
0,0.21730334312,1.18153892125
1,1.66387179555,-0.352437650586
0,-0.893651823649,0.559050397509
1,1.5409818463,-0.302693693944
1,1.36913748474,-0.4991616833
1,1.00716782247,-0.0389619360238
1,0.393116216844,-0.45341907282
0,-0.769908894815,0.441058068228
1,1.02731818808,-0.710226083314
1,0.113759672868,-0.255317686816
1,-0.389451043979,0.00463193663944
1,1.09043946633,-0.326571482895
0,0.871625456449,-0.0406364751369
1,1.20028563894,-0.240767530757
0,0.0928806079475,1.22817024345
0,-0.894007427408,0.0724333907666
1,1.9625233783,0.221654468647
1,0.303050027596,0.313803316696
0,-0.615220892787,0.722040561993
0,-0.514921941196,0.626444819451
0,-0.956061413289,0.414908993374
0,-0.259376059621,0.604900798677
1,1.28619865411,-0.0905656193704
0,0.200836109104,0.805977456513
1,1.88996445018,-0.075206374506
1,-0.00267822364109,0.0199665495837
1,0.618483582868,-0.558732997737
0,-0.868555441736,0.547053528838
0,0.762737202319,-0.161605475773
0,-0.307914633781,0.962128629583
1,0.300152514034,0.067116746044
0,0.662183887825,0.696646011949
1,0.387487418312,-0.499311146802
1,-0.0473069020282,0.308356323438
0,-0.327832465314,0.440023922647
1,1.5116158444,-0.6894174447
1,0.234340258028,0.573471762555
0,-0.999617140316,0.55994339027
0,0.435088534688,0.787821097792
0,-0.300171482047,0.794380920875
0,0.671892385017,0.576054869117
1,0.325936038976,-0.257182689992
1,1.38307058354,-0.645952426519
1,0.431372741074,0.41068383536
1,1.92265485391,-0.148012790116
0,-0.0794800865847,1.29654976767
0,0.646071381809,0.610823001793
1,0.284684852128,-0.461398420058
1,0.612902317063,-0.197024674119
0,0.846168046866,0.560260996
1,1.30859354367,-0.724270011885
1,1.36870663515,-0.189099000223
0,0.0962540000747,0.977034786383
1,0.690367570734,-0.413116742451
0,0.782815938932,0.615799437039
1,2.03097059226,0.21204125574
0,-0.485326693855,-0.105582245693
1,0.959483435359,-0.376939164603
1,1.85286620758,0.392605280535
1,1.40860832235,-0.536027221278
1,-0.0694716399798,0.627720065933
1,1.70430220846,0.366066466662
0,0.58502022803,0.725066379148
0,-0.985383553889,0.866792583012
0,-1.2904885441,0.535586187304
0,1.1164695615,0.588829056071
1,-0.18441719224,-0.207233904123
1,1.9602415155,-0.239868998194
0,0.541268233146,0.721362240118
1,1.46127803247,-0.315593757028
1,1.47128702926,0.0876554681619
0,-0.208902722526,1.22838896247
0,-1.06205108473,0.561686126166
1,1.81284280133,0.196820133397
1,2.02485040844,0.0429545500001
1,0.976813788318,-0.700473110353
0,-0.511776020099,0.920618426353
0,1.23274104004,0.687536387803
1,0.301958027515,0.360607261099
1,2.24571513406,0.464990835626
0,0.504527921371,0.745536287318
0,-0.877124665387,0.420859399059
1,1.82220286318,0.0208754843946
1,1.30632614743,-0.492001302015
0,-0.703671340756,0.726386555335
1,1.91964962746,-0.294684456057
1,1.84985746504,-0.556400936278
1,1.85230613316,0.22965378401
1,1.64858517738,-0.424993560502
0,0.983619341347,0.610559438129
0,-0.948632281413,0.527613314732
0,-0.139454404281,1.21668246561
0,-0.259201395548,0.97990237556
1,0.809850912732,-0.430326937471
0,0.885921821115,0.0843945660624
0,-0.229253813013,0.935420319718
1,0.523099419413,0.655086515346
1,0.0458815022989,-0.235277290898
1,2.05692732547,0.650059838812
0,0.897559827897,0.861996288097
1,0.443938697236,-0.498134045095
0,0.658044787685,0.366621180784
1,2.18227848698,0.332557238811
1,0.159439233387,0.401939931206
0,0.645717619215,0.167522318779
0,0.948528543602,0.366118537356
0,0.439884732498,0.675244625812
1,1.23621383819,-0.400074817556
1,1.69208002974,0.418972481362
1,1.85665429422,0.0665699132996
0,-0.233880379739,0.831129350928
0,0.457888053077,0.807054838637
1,1.02779576222,-0.522235288623
0,-0.627102212498,0.662492742284
0,0.798809757944,0.403169489444
1,1.29414081154,-0.815403005792
1,0.853192262293,-0.545619364267
1,0.0934734046376,0.191687013099
0,-1.07075506206,0.780206990906
0,0.960934066172,-0.0807900006413
1,0.708302556777,-0.616434509957
0,-0.538669225215,0.78286044715
0,0.32678202011,1.13420589786
0,-0.936016985764,0.416827819658
1,2.02788009454,0.47584811745
0,0.25662089176,0.700841220786
0,-0.250106643042,0.721170237191
0,0.888365375382,0.125971499606
0,0.00425672842223,1.26433763338
1,1.72580385435,-0.772995257885
0,-0.491469874302,0.592731059694
0,-1.31328192899,0.480041710444
0,1.10517344289,1.49176541597
0,0.869434933814,0.201320573694
1,0.267897365175,-0.376974755619
1,0.12966428349,0.395424332424
1,0.447204190858,0.804590717619
1,0.903282949504,-0.630564040752
1,0.809554425007,-0.442166159062
1,0.126838551207,0.434875897801
1,0.907656676003,-0.390506445205
1,1.41538931567,-0.312164570681
1,-0.142117786988,0.247520649477
1,1.29700514028,-0.517020625714
1,1.87451530223,0.500693074702
1,0.924927350878,-0.657583149037
1,-0.00834103375795,0.428511563142
0,-1.04340798063,0.246983096903
0,-0.488050167676,0.587515260192
1,2.01819254628,0.128331563773
1,1.6715430348,-0.218160973839
0,-0.186477120694,0.864881285967
0,-0.64625286308,0.966837900562
0,-0.734665892321,-0.195007209647
1,1.28729035715,-0.571332102151
1,0.0641999400938,0.214262079828
1,2.02717450638,-0.398418129539
1,-0.251939875137,-0.0401154534458
0,0.422750177995,1.4560312272
1,1.66374056655,-0.0797207430963
0,-1.10036504442,0.744512082854
0,-0.105434082506,0.850817358179
1,0.793684430848,-0.314721048193
0,-0.562436889635,0.930809275395
1,2.03701833217,-0.339903372271
1,1.08995329155,-0.343640766762
1,1.58542192603,-0.22005616483
0,-0.346071970407,1.16036972894
0,-0.119489011939,0.491290826522
1,0.0793904427447,-0.351926258661
0,0.00216502069454,0.893614622092
1,0.340916890641,-0.625094758002
1,0.223964062005,-0.125907596204
0,0.947897453696,0.280032963652
1,1.77590503773,0.042308389584
1,0.377229645111,0.164259562636
1,1.29579840778,-0.539575983737
1,0.401019909418,-0.680094697221
1,0.0219306208004,-0.0240278975618
1,1.70830037766,0.42572291581
1,0.0282257530041,0.0223098329843
1,0.0892210150729,-0.126996835159
0,-1.17864296585,0.407583436025
1,1.24989301485,-0.83679623689
1,1.52751202982,0.100050819953
0,-1.02763909165,0.491004504385
0,0.812342685023,0.27853219042
0,-0.26544894181,0.878699420459
0,0.0901483027947,0.895516042215
0,-1.18315777246,-0.168281406558
0,0.831271953373,0.700229585152
0,0.98757772802,0.479372066709
1,0.492577368004,-0.337849479693
1,0.533116092199,0.112265890441
0,-0.667415862622,0.344079873012
1,1.76157248576,-0.0853542538478
1,0.619133716235,-0.803258833264
1,1.64400394751,-0.50156771723
1,1.51576569645,-0.438231892554
1,1.70766754338,-0.174941236862
1,-0.0470239550068,0.12630008318
0,-0.827562540217,0.788869466817
1,0.411031124012,-0.106916654427
0,-0.815596016779,0.950499325523
0,0.73903041205,-0.0472391678812
1,1.92552516519,0.366620110597
0,0.191689975541,0.82485954596
0,0.702786543329,0.292807773233
0,-0.0466690199642,1.4173708955
1,1.70949389795,0.159884153945
0,1.02419043731,0.504192013156
1,0.794831478576,-0.24671402667
1,1.21391978071,-0.208720042266
0,1.21500881368,0.714671763679
0,-0.689561420073,0.751729947461
0,-0.461187779213,0.654544089759
1,-0.179537249586,0.533839828023
0,0.211667361179,1.28921878086
1,-0.12752275253,0.368091999765
0,1.05055972333,0.411264748554
1,-0.16847122474,-0.733243917829
0,-0.602506422366,0.178929413612
0,-0.860522637218,-0.0131124937546
1,0.111550929489,0.4466627545
0,-1.07212507296,0.395691471961
1,0.206369759455,-0.466753005909
0,0.384200901187,1.14155928682
0,0.368229517953,1.24165955013
1,0.144982710478,-0.0026610602956
0,-0.902465620201,0.792511266837
0,0.112921539182,0.669605905527
0,-0.937938850544,0.613206017228
1,0.119796050311,0.289849689914
1,1.50740448788,-0.714249325141
0,0.959231887797,0.57752884732
1,1.36712570356,-0.206405117252
0,-0.420617190955,0.723129890692
1,2.06782389211,-0.220465274087
0,-0.77771537575,0.38459954429
0,0.407352255455,0.852988452074
1,1.92638470513,0.0950788408054
0,1.09089350787,0.319521164651
0,-0.95701943962,0.680093467925
0,-0.481128438267,0.89919181821
1,0.0592476618265,0.59442669589
1,1.22955921314,-0.400833714661
0,1.22127176782,0.233085042016
0,-0.383317182914,0.689108571668
0,-0.599650669496,0.753256893038
1,0.353768054729,-0.335667683906
1,0.848589954218,-0.249226630666
1,2.09193064307,0.121376233462
0,-0.946100845359,-0.150372570446
0,-0.110761006179,1.38267586818
1,0.202869712125,0.0764202050439
1,0.756135398693,-0.328760938702
1,2.08745594031,-0.37406111957
0,0.611392933741,0.503496070293
0,-0.845727151001,0.726609074954
0,1.12534626203,0.24411794312
1,1.90157723202,0.193587642797
0,0.480998368992,0.411348290987
0,-0.62963545902,0.903012207293
0,-0.83900835925,0.0436760777981
1,-0.10027237172,-0.247893223483
1,1.61137554746,0.649788654913
0,-0.629546724982,0.527007575161
1,0.78855719239,-0.399561289709
0,-0.234053247304,1.13397029756
1,0.366322378081,0.166716897611
1,0.202303595689,0.455688404209
1,1.75229424853,-0.0836968614224
1,0.149378466687,-0.0376974106167
0,1.06502382204,0.134323240949
0,-0.429915891801,0.575665251174
0,0.308622460759,1.13389509744
1,0.0101462381843,-0.0243809102489
0,0.466100995238,0.702461391084
0,0.922372263758,0.475028834197
1,1.45822985736,-0.290467390448
0,0.986571846918,0.740197034585
0,0.971647382684,0.0913384178901
0,0.208047360041,1.10024463041
0,-0.783300377615,0.752441325396
1,0.325523162907,0.503203080474
1,1.70487953983,-0.142223172508
1,1.96399609155,0.649414203991
0,-1.0298155205,0.131526869475
1,-0.215673824571,0.335145960209
1,-0.135616127893,0.444365712474
0,0.787069302955,1.07622694849
1,1.36927736382,-0.58929250308
0,-0.803735022815,0.489833786167
0,1.082942903,0.132617503366
0,0.961673331426,-0.0970235357025
1,0.765650813618,-0.450257177287
0,-0.570622717718,0.865526867293
0,0.757639682456,0.491624014848
1,2.09251807123,0.0983545546462
1,1.21768023248,-0.450756073596
0,-1.09951462131,0.059181966224
0,-0.122740310703,0.969210826828
0,0.572518917857,0.893879954018
1,1.25410082494,-0.568596113133
1,1.00902559848,-0.894125636245
1,1.01275793985,-0.762449504243
0,0.410739710669,0.825990998773
0,-0.951905063925,0.475451157182
1,0.00854383940808,-0.61147068783
0,-0.835345106263,0.820926258306
0,0.630000688871,0.332928300176
1,-0.183702024413,0.847500744585
1,0.987256435414,-0.309291027414
1,1.64994397393,-0.508653516631
0,-0.255877876774,1.00110474947
1,0.730164217351,-0.775110926236
1,1.2467452999,-1.08540044416
0,0.83065322151,-0.388362385334
1,1.58062307671,0.0319924418435
0,0.88704829137,0.712319288992
0,-1.06734461079,0.606813623028
1,2.31140350233,0.276480436667
1,0.36489077014,0.0996643893289
0,-0.177110214998,0.525494506296
1,0.720015122466,-0.280500042954
0,0.711765148917,0.832449481731
0,0.733399909022,0.767942660707
1,0.216295939677,-0.600080079473
1,0.0548943841492,0.484134061272
0,0.627976057457,0.14749673371
0,-1.21496756184,0.205529840232
0,-0.93798841624,0.406577068682
1,1.32108558771,-0.472682250523
0,0.254793819823,1.0343374908
0,1.04605243498,0.570727915328
0,0.786024742897,0.192002982946
0,-0.87820195447,0.439785376517
1,0.192346674486,-0.296804075721
1,0.906940253347,-0.202849391663
1,0.873879097051,-0.646053912427
0,-0.332103639869,0.934595969494
1,2.08330991273,-0.195550692176
1,-0.162887333008,0.709829593946
0,0.3470631415,0.758701271736
1,0.107464786091,-0.146060548441
0,-0.20241045523,0.851690462106
0,0.987867855161,0.610265437792
1,0.163697748608,0.153783800711
1,-0.259787050918,0.117849068472
1,1.06411268408,-0.523084770676
1,1.14932973384,-0.609961494069
1,1.84995856217,0.138935023577
1,0.0663813496365,0.177227579661
0,0.30666792522,0.808706081508
1,0.73740416601,-0.19146763379
1,-0.00995288466521,0.105756429625
1,-0.0193993744573,0.27470316776
1,0.233171598181,0.0202483452233
1,0.865802064376,-0.458451569046
0,0.426689026228,0.673600658007
1,1.63094279999,-0.642632446035
0,0.835400838044,0.619755446342
0,0.330254876042,0.968767881193
1,1.28683351089,-0.643400618349
0,-0.671954326741,0.489124495562
1,0.124575340514,-0.276953153825
1,0.330202620626,0.0653889041144
1,-0.00616151201564,0.294355960416
0,0.531659549121,0.653958548686
0,0.646442151156,1.11337130288
1,1.63558986694,-0.0584563537426
0,0.290073136111,1.31271418204
1,1.70341686466,-0.498398799613
1,0.223894222213,-0.588178100753
1,1.87132335706,0.129013351493
0,0.458452848935,0.639368756674
1,1.1286652104,-0.603992112826
0,0.754306763614,0.560916092598
1,0.226071415327,-0.116759012333
1,1.46709683378,0.429757119595
1,1.86034717641,0.380255536036
0,1.30230817424,0.365050918018
1,1.68299572179,-0.852017292232
1,1.65081508188,0.0922706276452
1,1.18021110092,-0.57794638151
0,0.447390198563,0.785929651484
0,-0.873500074716,0.350737964142
0,-0.959941035505,0.423442333196
0,0.077541278284,1.10074788804
1,1.76082426404,-0.55427953827
1,1.3286650629,-0.80835366341
0,-0.111745422064,1.16030518621
1,1.6469844411,-0.269405695159
1,1.99903241574,0.154267383532
1,0.0250206547956,-0.628082024129
1,1.76227093645,-0.421975339987
0,-0.267079690868,0.848741466449
0,0.858047421574,0.723073559571
1,0.0330425224032,0.533937186512
1,2.06298644065,0.496889395439
0,0.72961401386,0.486000131721
0,-1.13076810208,0.134719875286
0,-0.880345582797,0.454914891345
0,0.705004096921,1.21659046823
0,-0.700534076317,0.422846791108
1,0.49426992525,-0.470825132766
0,-0.639652937653,0.970511875906
0,0.501404337763,1.31496979043
1,0.964479492047,-0.443658329858
1,1.0519078906,-0.700903206938
0,0.119643176749,1.2180812426
1,1.97722309847,0.508958252212
0,-0.762025741338,0.157732923429
0,-0.597501273133,0.843985050389
1,1.00804332664,-0.470106065832
0,-0.956419212148,0.379306767932
0,0.976719925094,0.350151069769
1,0.205115355111,0.132065118202
0,-0.925206457038,0.948500072244
0,0.230915170045,0.959158721331
1,-0.0842375805414,-0.289512771894
1,1.03128156027,-0.430168208539
0,-1.07153838326,0.0589348206443
0,0.584383736095,0.63284513893
1,1.65326289562,0.299082075547
1,0.366303909228,-0.26217518711
0,0.391149123946,0.921756671283
1,-0.12392489255,0.334353052584
0,-0.742892249455,0.399715464291
0,-0.957832903062,0.751262356806
0,-0.717757253252,0.325606898146
1,1.63041030692,-0.013150064555
1,1.42729316547,-0.55810922716
1,1.79445928998,0.13464072469
0,0.37829002854,0.955201452867
0,0.361244143938,1.02921420905
1,2.15128039968,0.0298042735222
1,1.35670727273,-0.217442950428
1,0.425092514967,-0.198897901818
0,1.10805591836,0.42964293534
0,-0.594792679018,0.742882552571
0,0.746679835236,0.617685106221
0,0.266275388861,1.09887406588
0,0.887021617222,0.475741653208
0,0.748698486337,0.398733172081
0,-0.871704166092,0.83140804919
1,0.237126196086,0.253214426088
1,0.830256587249,-0.800311790841
1,1.22441424731,-0.680471209777
1,0.181946136457,-0.254293727519
1,0.320494511132,-0.202573969118
1,1.06911161507,-0.742217483063
0,0.0258045075632,1.02409824779
1,2.05203125787,-0.220565273936
0,-0.0972636268594,1.09209394732
1,1.13846515208,-0.489408234522
0,0.284416935639,1.25554543632
0,0.00371897406109,1.05605274346
1,1.63118512753,-0.167774130976
0,-0.431747708437,0.64271045776
0,0.412414314967,0.830375266445
1,1.966380435,-0.103384661328
0,1.05503808348,0.345152065267
1,2.29371082194,0.161659884881
0,0.226577985732,1.26771638829
1,0.674730765884,-0.793825658271
0,-0.76113158833,0.475733885588
0,-1.11062059054,0.78397473598
1,0.848708816882,-0.700004180939
0,1.30162137356,-0.164574094436
0,0.377777538692,0.555189075553
1,1.13526970947,-0.424129170146
1,0.389918239113,-0.402156486919
1,0.457087117409,-0.102680549382
1,0.547276323321,-0.605985000781
0,-1.1594141033,0.585694021531
1,0.477478100068,-0.197059557448
0,-0.430682456058,1.06229413865
1,1.11885777916,-0.215544264596
0,0.0297873332835,0.988772101178
1,1.8965613357,-0.299638953437
1,2.10159392097,0.722964030161
0,0.862210184088,0.70037232229
0,0.619160847397,1.09855082992
0,-0.218789095597,0.567541438073
1,2.34654639972,0.353784354381
1,-0.0352387708079,0.251178417023
1,-0.0644123545265,0.353064290308
0,0.371831102978,0.857744313765
1,0.18124357531,-0.344562629372
1,0.355968968188,-0.199834873542
0,-0.203433345366,1.0664679449
0,0.923844929087,0.295166608973
1,0.589324241098,0.142787736095
1,1.96108255826,0.599961235989
0,0.109626892746,0.734854222451
1,1.71050438238,-0.34301604498
1,1.24348841128,-0.694984429917
0,-0.594290609493,1.05580214003
1,1.23795688024,-0.0855507518143
0,1.15133722843,0.916092302639
0,0.689339755751,0.792575526186
0,-0.805016366774,0.810693859027
0,-0.839544587884,0.918056047402
0,-0.289996416171,1.12973179865
0,-1.0096677404,0.347864899788
1,1.24324647549,-0.0241898945582
1,0.224842790939,-0.173574389887
1,-0.0272476989279,0.327984842415
0,0.262536071948,0.881565697335
0,0.317697711011,1.07625683496
1,1.92796478043,0.231970442894
1,1.64326206802,-0.0294909757654
1,1.40775027229,-0.560992038808
1,1.49181374882,-0.133570260651
0,-0.813451304407,1.04244638058
0,-1.2063733217,0.347917683955
1,0.76839726917,-0.426219967039
0,-1.19289840402,0.171107911634
1,1.39114987519,-0.297042992694
0,-0.872864032384,0.523412759836
0,-1.00192651169,0.296441283736
1,2.07112394815,0.250165298188
1,1.19578277872,-0.130782583555
0,-0.125759029394,0.715089191868
1,0.594043437574,-0.303086543986
0,0.259409522929,0.878186787764
0,-0.0135622174971,1.21471837384
1,0.342332883822,-0.221918026718
0,0.955539101828,0.383705945156
0,-0.0450643708405,0.564011918671
0,-0.224855545835,1.2073186035
0,-0.823666390761,0.473897169176
1,0.899931133613,-0.191898729907
0,-0.309234735776,0.937285577241
1,0.0612914867805,-0.256114867034
1,1.8283671877,-0.227075703927
0,-0.12148811429,0.653201049454
0,-0.388296970703,0.821054781617
1,1.2089477768,-0.584798392943
1,0.341126742827,-0.233898737634
0,0.932893840583,0.444916706904
0,0.0496335243546,1.02656078099
0,1.00002046919,0.453747370839
1,2.18256462679,-0.115174361768
0,0.131002507076,1.12555066917
1,1.52270378068,0.450973499958
1,2.00066727984,0.445300105621
1,1.92592335151,0.619229939596
1,0.966092607993,-0.669732695019
0,0.906906530843,0.489850432358
0,0.445216931959,0.975171067774
0,1.22144198173,0.640359030578
1,1.82453829421,-0.00200130103753
0,-0.698114316715,0.63638560879
1,0.00634621362526,-0.249518232641
1,2.01329201992,-0.111870221924
0,-1.12591036414,0.273492920826
0,-0.671995133995,1.13039483124
1,2.23221460182,0.437038708911
1,2.16567741324,0.538877271979
1,0.0912820105172,0.35867358623
0,-0.614195038531,0.831736513752
0,0.732354832789,0.452395722002
1,0.151137260556,-0.184101799518
0,-1.08039997018,0.141350120323
1,1.10563776513,-0.903819179378
0,-0.435557843407,0.816138046599
1,0.100872589473,0.472566842702
0,0.866601766965,-0.13045731211
1,1.35006311428,-0.209851332986
0,-0.448706525742,1.26478947275
0,-0.700272798345,0.317700455916
0,0.658542896782,0.677827495882
0,0.53911669917,0.649937992731
0,0.190139530191,1.22495246258
1,-0.0709269843986,-0.150217539609
0,-0.535878755032,0.400076812551
0,-0.962227777603,0.537191478384
0,-0.522898845923,0.581001199935
1,1.7074101337,-0.242250158473
0,0.91912761389,0.759297782294
0,-0.00924158415033,0.586226360763
1,2.02484702152,0.0829704798544
1,0.824077852648,-0.405199025952
1,1.92539396683,0.508794108341
1,1.35295640706,-0.340270135388
0,1.48369827621,0.762206493803
1,1.30991169524,0.00518385642309
0,0.863094326802,0.837342438141
1,0.869899159373,-0.399454091646
1,0.941996558001,-0.198501040483
1,2.20324354276,0.699953306655
0,1.16429873011,-0.227442167584
0,-0.948240187525,0.88285905982
0,-0.970427209036,0.557928256639
1,2.27579490408,0.134039910393
0,-1.03039086305,0.423933370972
1,0.335581950363,-0.409559286606
1,-0.295400083855,0.856183926245
1,1.38691130888,-0.672173934918
1,1.4349237749,-0.0770949773673
0,0.625911440758,0.510449945055
1,1.76642726273,0.256089371108
0,-0.998297237931,0.13594395719
1,1.80300616799,-0.169664943526
0,1.26586435536,0.497167865058
1,0.0296777364725,-0.16278850563
1,-0.265220113825,0.445655700057
1,-0.152235349509,0.632084778309
0,-0.75219611853,0.0315878613611
0,-1.09151786299,0.408253390027
1,1.78591458075,0.259815321965
0,-0.309425202733,0.475312733775
0,0.857709746751,0.175927258641
1,1.16634846991,-0.290144840495
1,1.75751916899,-0.0478582513109
1,1.44125745573,-0.37122080606
1,0.366901914748,0.0383246556335
0,-0.81058045459,1.18671486869
0,0.750889399306,0.215585964038
0,-0.0355615431614,0.855546035721
1,1.98375037352,0.153439458486
1,1.27585690368,-0.522572520707
1,1.49997301956,-0.381667157123
0,0.499493894787,0.422402127008
0,0.532369160125,-0.12089772628
0,-0.342737842868,1.27883524239
1,0.983796356462,-0.705852886249
0,-0.20010762981,1.19246235867
0,-0.28044786733,0.602895996491
0,0.433550411909,0.816577542776
0,0.63378418588,0.796150163263
0,1.07985650633,0.383187589486
0,-0.598367511675,0.675155471447
1,1.74574511521,-0.239671646245
0,0.347446583572,1.00522144751
0,0.417863603002,1.02980839269
1,1.8397801203,-0.0533436753263
1,1.09502398548,-0.58202504868
1,0.13883513687,0.0570380338358
0,-0.990637561026,0.594679417717
1,0.937811110812,-0.541783875874
0,0.868901870087,0.711234131271
0,0.257709770579,1.10723479759
0,0.538350145094,1.12183841205
0,-0.417163771598,0.0750132563551
1,1.21509681979,-0.580418338276
1,1.26865815881,-0.515662726551
1,1.19178878849,-0.201391485636
1,0.352091270039,0.184072940861
1,0.665967898513,-0.284660297527
0,-0.0596057073974,0.843505236111
1,0.136956364313,0.178228384336
1,0.883598337401,-0.616248398344
1,0.655291167904,-0.533990631413
0,1.19686359851,0.105919240323
0,-1.35433576047,0.512277139269
1,0.678913839448,-0.501095281257
1,1.48938139975,-0.801428528152
1,0.546639586428,-0.426187556847
0,0.353327251004,1.06947279926
0,-0.365554859504,1.07406758314
1,1.57886435233,-0.212751645566
1,1.08330290007,-0.256117239399
0,-0.850180402452,1.18088910757
0,0.797922424681,0.303089978032
1,0.0680726181176,0.545657703887
1,0.580855506027,-0.605457506084
1,0.101102393383,-0.0223670202108
0,-0.825126860793,0.062936619555
1,1.47392889017,-0.0700680648655
1,0.627568180115,-0.635906993243
1,0.459212584826,-0.306687113041
0,-0.475805391395,0.242489187389
0,0.0667068055963,1.04390147257
0,0.533202673653,0.567076389737
0,-0.749904034022,0.600710970375
1,1.01015132682,-0.77519232328
0,-0.171118334387,1.19276335194
1,1.33792418367,-0.456111067759
0,0.231877558088,0.779600998631
1,1.66021453958,-0.319700207228
0,-1.12583157929,0.433154960568
1,0.619877852391,-0.460898655911
0,-0.360920734035,0.676594997201
0,-0.747391646811,1.00226150742
1,1.74028370023,0.146145676623
1,0.0636548291548,-0.364876786509
0,-0.038948682815,0.945053235563
0,0.898779989772,0.764408252255
1,1.83960474294,-0.352017685102
1,1.94269749692,0.174765622485
0,0.572028681967,1.07429266782
0,-0.882565068257,0.442657122352
1,0.132342176155,-0.199317650055
1,1.56888497742,-0.17489793932
1,0.36173585679,-0.143281927802
1,1.34879375023,-0.372142286465
1,-0.0536287257196,0.111880387455
1,1.50172145646,-0.31479722572
1,1.90189778455,-0.32519567225
0,-0.0917351945516,1.34913729035
0,-0.823364367105,0.273493703381
1,0.861621263705,-0.624798130702
0,-0.506778213479,0.826314032288
1,0.280286275978,-0.19890663974
0,0.419584834646,0.7924738001
0,0.145592160505,1.18331624014
1,0.522638399295,-0.56067190401
0,-1.15317625847,0.556143352698
0,-0.580587881439,1.07052811652
0,0.964599714998,0.0174942696416
0,-0.610622970071,0.651727811362
1,2.22806937722,0.488740399501
1,1.79816663751,-0.0522138897292
0,0.0907926828229,0.795578539582
0,-1.18333886599,0.544086308791
0,0.329060675947,0.227647256011
0,0.942877390288,0.18156118751
0,0.959103429906,0.38528588385
1,1.81778279026,0.11255939428
1,0.620465963141,-0.53948588794
1,0.560080806645,-0.22685795673
1,2.29728952163,0.435018528
0,0.605426900947,0.471556712694
1,2.01538379305,0.333027730266
1,0.0912260574536,0.263296879137
1,0.20603283356,-0.269765823405
1,0.392371932314,-0.0308032457287
1,0.00708522939628,0.313744294104
1,1.80488383275,-0.277932399544
1,1.85260642296,0.120388506288
1,1.8699955749,0.149221840691
1,1.5571398936,-0.00965334463507
0,0.12940064812,1.0203948503
0,-0.337469140823,0.4847121504
0,0.0191047821855,1.36507778375
0,0.642935380967,0.935061898322
0,0.197130090731,1.21991322594
1,0.334802864714,-0.346377841013
0,0.91534746002,0.22396283269
1,0.445405902331,0.0125895481202
1,0.471351313493,-0.51162098346
1,0.401210110292,-0.563840579047
1,0.173955724055,-0.0489001845417
1,-0.162517352888,0.242560668194
1,1.71978350143,-0.17325257604
1,0.688204203463,-0.766577183341
0,1.05196056681,0.130929560041
0,-0.720407098497,0.71359720889
1,1.6342542255,-0.248116521325
1,0.210433618809,0.696733266706
0,1.13750834345,0.0680136011784
0,-0.20025406891,0.840958414229
0,1.0494359744,0.186790745756
0,-0.527681950148,1.13640806634
1,1.91162774488,-0.137931796088
0,-1.148806953,0.369517198665
1,1.38158365328,-0.283151563414
1,0.79849034616,-0.427175835252
0,0.506521592264,1.14656484629
0,0.140154964999,1.32826085766
1,0.246516126653,-0.51975094888
1,2.29143295128,0.0810585149125
0,0.32503060592,0.767316086411
1,0.21506593707,-0.0805213304675
0,-0.722196510193,0.376917491951
0,0.374105521321,0.349093623622
0,-0.599374976194,0.607083518451
1,0.0723834870661,0.0992639119649
1,1.26710727194,-0.579475946645
0,-0.690096339867,0.810315715951
